image_width: 640
image_height: 480
camera_name: narrow_stereo
camera_matrix:
  rows: 3
  cols: 3
  data: [392.0353 ,   0.     , 340.74548,
           0.     , 388.69818, 252.38988,
           0.     ,   0.     ,   1.     ]
distortion_model: plumb_bob
distortion_coefficients:
  rows: 1
  cols: 5
  data: [-0.090353, 0.031713, 0.003302, 0.002239, 0.000000]
rectification_matrix:
  rows: 3
  cols: 3
  data: [1., 0., 0.,
         0., 1., 0.,
         0., 0., 1.]
projection_matrix:
  rows: 3
  cols: 4
  data: [371.73138,   0.     , 343.74206,   0.     ,
           0.     , 375.08417, 254.22413,   0.     ,
           0.     ,   0.     ,   1.     ,   0.     ]
