# oST version 5.0 parameters


[image]

width
640

height
480

[narrow_stereo]

camera matrix
392.035302 0.000000 340.745483
0.000000 388.698180 252.389878
0.000000 0.000000 1.000000

distortion
-0.090353 0.031713 0.003302 0.002239 0.000000

rectification
1.000000 0.000000 0.000000
0.000000 1.000000 0.000000
0.000000 0.000000 1.000000

projection
371.731384 0.000000 343.742058 0.000000
0.000000 375.084167 254.224134 0.000000
0.000000 0.000000 1.000000 0.000000
